% -------------------------------------------------------------------
%  Generated by MATLAB on 30-Oct-2021 20:25:31
%  MATLAB version: 9.1.0.441655 (R2016b)
% -------------------------------------------------------------------
                                  
%%Question 1
A = [-7 5 -9; 2 -1 2;1 -1 2];

B = [16 3 2 13;5 10 11 8;9 6 7 12;4 15 14 1];

C = [4 2 -3;7 -7 9;3 -5 6];

D = [6 3 2;2 12 -7;-1 6 2;-5 15 11];

(3*A)-(5*C);

(7*A)+(2*B);
%%error Matrix dimensions must agree.
C*A;
C*D';

%%question 2
zeros(3)

zeros(3,2)

ones(4)


eye(4)

size(2)

size(2,3)

diag([1 2 3 4])

eye(4)

size(2)


size(2,3)


diag([1 2 3 4])


 %%Question 3%%
 [A,B];
 %%the row doesnt equal to coloms
 [A;B];
%%the row doesnt equal to the another matrix's row
 %question 4%
x=zeros (7,8);
x(:,8)=5;
y=eye(7,8)*5
(y)+(x)
%question 5%
A(3,:)
A(:,3)
